plot( [ 0.900000 , 0.900000 , 0.800000 , 0.800000 , 0.800000 , 0.800000 , 0.900000 , 0.900000 , 0.900000 ] , [ 0.600000 , 0.600000 , 0.600000 , 0.600000 , 0.500000 , 0.500000 , 0.500000 , 0.500000 , 0.600000 ] , 'color' , '[0 0.4 0]');
hold on;
clear;
plot( [ 0.900000 , 0.900000 , 0.800000 , 0.800000 , 0.800000 , 0.800000 , 0.900000 , 0.900000 , 0.900000 ] , [ 0.600000 , 0.600000 , 0.600000 , 0.600000 , 0.500000 , 0.500000 , 0.500000 , 0.500000 , 0.600000 ] , 'color' , '[0 0.4 0]');
hold on;
clear;
plot( [ 0.900000 , 0.900000 , 0.800000 , 0.800000 , 0.800000 , 0.800000 , 0.900000 , 0.900000 , 0.900000 ] , [ 0.600000 , 0.600000 , 0.600000 , 0.600000 , 0.500000 , 0.500000 , 0.500000 , 0.500000 , 0.600000 ] , 'color' , '[0 0.4 0]');
hold on;
clear;
plot( [ 0.906001 , 0.901592 , 0.799999 , 0.799999 , 0.799999 , 0.805822 , 0.905981 , 0.906001 , 0.906001 ] , [ 0.595602 , 0.600011 , 0.600011 , 0.600011 , 0.499799 , 0.493976 , 0.493976 , 0.493996 , 0.595602 ] , 'color' , '[0 0.4 0]');
hold on;
clear;
plot( [ 0.911933 , 0.907109 , 0.805977 , 0.804975 , 0.804975 , 0.811042 , 0.910895 , 0.911933 , 0.911933 ] , [ 0.590737 , 0.595560 , 0.595560 , 0.594558 , 0.494749 , 0.488682 , 0.488682 , 0.489720 , 0.590737 ] , 'color' , '[0 0.4 0]');
hold on;
clear;
plot( [ 0.917815 , 0.912560 , 0.811909 , 0.809901 , 0.809901 , 0.816228 , 0.915755 , 0.917815 , 0.917815 ] , [ 0.585740 , 0.590995 , 0.590995 , 0.588987 , 0.489587 , 0.483260 , 0.483260 , 0.485320 , 0.585740 ] , 'color' , '[0 0.4 0]');
hold on;
clear;
plot( [ 0.923648 , 0.917944 , 0.817794 , 0.814777 , 0.814777 , 0.821378 , 0.920561 , 0.923648 , 0.923648 ] , [ 0.580612 , 0.586316 , 0.586316 , 0.583298 , 0.484313 , 0.477711 , 0.477711 , 0.480797 , 0.580612 ] , 'color' , '[0 0.4 0]');
hold on;
clear;
plot( [ 0.929428 , 0.923258 , 0.823633 , 0.819601 , 0.819601 , 0.826492 , 0.925311 , 0.929428 , 0.929428 ] , [ 0.575352 , 0.581522 , 0.581522 , 0.577490 , 0.478925 , 0.472034 , 0.472034 , 0.476151 , 0.575352 ] , 'color' , '[0 0.4 0]');
hold on;
clear;
plot( [ 0.935155 , 0.928501 , 0.829422 , 0.824373 , 0.824373 , 0.831569 , 0.930004 , 0.935155 , 0.935155 ] , [ 0.569960 , 0.576614 , 0.576614 , 0.571565 , 0.473424 , 0.466228 , 0.466228 , 0.471379 , 0.569960 ] , 'color' , '[0 0.4 0]');
hold on;
clear;
plot( [ 0.940827 , 0.933672 , 0.835162 , 0.829091 , 0.829091 , 0.836608 , 0.934638 , 0.940827 , 0.940827 ] , [ 0.564436 , 0.571591 , 0.571591 , 0.565520 , 0.467809 , 0.460293 , 0.460293 , 0.466481 , 0.564436 ] , 'color' , '[0 0.4 0]');
hold on;
clear;
plot( [ 0.946443 , 0.938768 , 0.840851 , 0.833754 , 0.833754 , 0.841607 , 0.939213 , 0.946443 , 0.946443 ] , [ 0.558779 , 0.566454 , 0.566454 , 0.559358 , 0.462079 , 0.454226 , 0.454226 , 0.461457 , 0.558779 ] , 'color' , '[0 0.4 0]');
hold on;
clear;
plot( [ 0.952003 , 0.943790 , 0.846487 , 0.838362 , 0.838362 , 0.846567 , 0.943726 , 0.952003 , 0.952003 ] , [ 0.552990 , 0.561203 , 0.561203 , 0.553077 , 0.456236 , 0.448030 , 0.448030 , 0.456307 , 0.552990 ] , 'color' , '[0 0.4 0]');
hold on;
clear;
plot( [ 0.957503 , 0.948734 , 0.852071 , 0.842912 , 0.842912 , 0.851487 , 0.948177 , 0.957503 , 0.957503 ] , [ 0.547066 , 0.555835 , 0.555835 , 0.546677 , 0.450278 , 0.441704 , 0.441704 , 0.451030 , 0.547066 ] , 'color' , '[0 0.4 0]');
hold on;
clear;
