0.270000 0.100000
0.270000 0.100000
0.250000 0.100000
0.250000 0.100000
0.250000 0.080000
0.250000 0.080000
0.270000 0.080000
0.270000 0.080000
0.270000 0.100000


0.270000 0.100000
0.270000 0.100000
0.250000 0.100000
0.250000 0.100000
0.250000 0.080000
0.250000 0.080000
0.270000 0.080000
0.270000 0.080000
0.270000 0.100000


0.270000 0.100000
0.270000 0.100000
0.250000 0.100000
0.250000 0.100000
0.250000 0.080000
0.250000 0.080000
0.270000 0.080000
0.270000 0.080000
0.270000 0.100000


0.270000 0.100000
0.270000 0.100000
0.248999 0.100000
0.240800 0.091801
0.240800 0.071542
0.241200 0.071142
0.261496 0.071142
0.270000 0.079646
0.270000 0.100000


0.261658 0.091457
0.261165 0.091950
0.240519 0.091950
0.232226 0.083657
0.232226 0.064211
0.233107 0.063330
0.252801 0.063330
0.261658 0.072187
0.261658 0.091457


0.253435 0.083318
0.252470 0.084283
0.232183 0.084283
0.223810 0.075911
0.223810 0.057268
0.225151 0.055926
0.244474 0.055926
0.253435 0.064887
0.253435 0.083318


0.245333 0.075569
0.243916 0.076987
0.223991 0.076987
0.215553 0.068549
0.215553 0.050696
0.217335 0.048915
0.236341 0.048915
0.245333 0.057907
0.245333 0.075569


0.237353 0.068198
0.235505 0.070046
0.215942 0.070046
0.207456 0.061560
0.207456 0.044484
0.209657 0.042282
0.228342 0.042282
0.237353 0.051293
0.237353 0.068198


0.229498 0.061191
0.227239 0.063451
0.210122 0.063451
0.207960 0.061289
0.207960 0.045130
0.210220 0.042870
0.227336 0.042870
0.229498 0.045032
0.229498 0.061191


0.229498 0.061191
0.227239 0.063450
0.210122 0.063450
0.207961 0.061289
0.207961 0.045130
0.210220 0.042870
0.227337 0.042870
0.229498 0.045032
0.229498 0.061191


0.229498 0.061191
0.227239 0.063450
0.210122 0.063450
0.207961 0.061289
0.207961 0.045130
0.210220 0.042870
0.227337 0.042870
0.229498 0.045032
0.229498 0.061191


0.229498 0.061191
0.227239 0.063451
0.208020 0.063451
0.199519 0.054949
0.199519 0.038616
0.202121 0.036013
0.220480 0.036013
0.229498 0.045032
0.229498 0.061191


0.221769 0.054535
0.219118 0.057186
0.200249 0.057186
0.191744 0.048681
0.191744 0.033077
0.194725 0.030095
0.212754 0.030095
0.221769 0.039110
0.221769 0.054535


0.214168 0.048219
0.211145 0.051242
0.192627 0.051242
0.184130 0.042744
0.184130 0.027856
0.187471 0.024515
0.205168 0.024515
0.214168 0.033515
0.214168 0.048219


0.206695 0.042230
0.203319 0.045606
0.185156 0.045606
0.176676 0.037125
0.176676 0.022942
0.180369 0.019249
0.197709 0.019249
0.206695 0.028235
0.206695 0.042230


0.199352 0.036556
0.195642 0.040266
0.177836 0.040266
0.169382 0.031813
0.169382 0.018322
0.173408 0.014297
0.190391 0.014297
0.199352 0.023258
0.199352 0.036556


0.192139 0.031187
0.188113 0.035213
0.173608 0.035213
0.169904 0.031509
0.169904 0.018895
0.173930 0.014869
0.188435 0.014869
0.192139 0.018573
0.192139 0.031187


0.192139 0.031187
0.188113 0.035213
0.173608 0.035213
0.169904 0.031509
0.169904 0.018895
0.173930 0.014869
0.188435 0.014869
0.192139 0.018573
0.192139 0.031187


0.192139 0.031187
0.188113 0.035213
0.173608 0.035213
0.169904 0.031509
0.169904 0.018895
0.173930 0.014869
0.188435 0.014869
0.192139 0.018573
0.192139 0.031187


0.192139 0.031187
0.188113 0.035213
0.170668 0.035213
0.162249 0.026793
0.162249 0.013984
0.166588 0.009645
0.183212 0.009645
0.192139 0.018573
0.192139 0.031187


0.185058 0.026111
0.180734 0.030434
0.163654 0.030434
0.155279 0.022059
0.155279 0.009916
0.159911 0.005284
0.176174 0.005284
0.185058 0.014168
0.185058 0.026111


0.178110 0.021318
0.173506 0.025921
0.156791 0.025921
0.148468 0.017599
0.148468 0.006108
0.153376 0.001201
0.169279 0.001201
0.178110 0.010032
0.178110 0.021318


0.171296 0.016797
0.166429 0.021664
0.150080 0.021664
0.141817 0.013401
0.141817 0.002549
0.146982 -0.002616
0.162525 -0.002616
0.171296 0.006155
0.171296 0.016797


0.164615 0.012539
0.159502 0.017651
0.143520 0.017651
0.135325 0.009455
0.135325 -0.000770
0.140730 -0.006176
0.155913 -0.006176
0.164615 0.002526
0.164615 0.012539


0.158067 0.008532
0.152725 0.013875
0.140589 0.013875
0.135847 0.009133
0.135847 -0.000263
0.141189 -0.005605
0.153325 -0.005605
0.158067 -0.000863
0.158067 0.008532


0.158067 0.008532
0.152725 0.013874
0.140589 0.013874
0.135848 0.009133
0.135848 -0.000263
0.141190 -0.005605
0.153326 -0.005605
0.158067 -0.000863
0.158067 0.008532


0.158067 0.008532
0.152725 0.013874
0.140589 0.013874
0.135848 0.009133
0.135848 -0.000263
0.141190 -0.005605
0.153326 -0.005605
0.158067 -0.000863
0.158067 0.008532


0.158067 0.008532
0.152725 0.013875
0.137113 0.013875
0.128989 0.005750
0.128989 -0.003860
0.134618 -0.009490
0.149440 -0.009490
0.158067 -0.000863
0.158067 0.008532


0.151654 0.004769
0.146083 0.010340
0.130874 0.010340
0.122814 0.002280
0.122814 -0.006732
0.128665 -0.012583
0.143095 -0.012583
0.151654 -0.004024
0.151654 0.004769


0.145376 0.001240
0.139539 0.007077
0.124838 0.007077
0.116796 -0.000965
0.116796 -0.009394
0.122905 -0.015503
0.136838 -0.015503
0.145376 -0.006965
0.145376 0.001240


0.139235 -0.002065
0.133143 0.004027
0.118956 0.004027
0.110934 -0.003996
0.110934 -0.011855
0.117290 -0.018211
0.130720 -0.018211
0.139235 -0.009696
0.139235 -0.002065


0.133227 -0.005153
0.126892 0.001181
0.113227 0.001181
0.105225 -0.006821
0.105225 -0.014123
0.111816 -0.020714
0.124738 -0.020714
0.133227 -0.012225
0.133227 -0.005153


0.127353 -0.008035
0.120787 -0.001469
0.111415 -0.001469
0.105735 -0.007149
0.105735 -0.013674
0.112301 -0.020240
0.121673 -0.020240
0.127353 -0.014560
0.127353 -0.008035


0.127353 -0.008035
0.120787 -0.001469
0.111415 -0.001469
0.105735 -0.007149
0.105735 -0.013674
0.112301 -0.020240
0.121673 -0.020240
0.127353 -0.014560
0.127353 -0.008035


0.127353 -0.008035
0.120787 -0.001469
0.111415 -0.001469
0.105735 -0.007149
0.105735 -0.013674
0.112301 -0.020240
0.121673 -0.020240
0.127353 -0.014560
0.127353 -0.008035


0.127353 -0.008035
0.120787 -0.001469
0.107649 -0.001469
0.099668 -0.009450
0.099668 -0.016208
0.106482 -0.023022
0.118891 -0.023022
0.127353 -0.014560
0.127353 -0.008035


0.121614 -0.010717
0.114829 -0.003932
0.102223 -0.003932
0.094267 -0.011888
0.094267 -0.018120
0.101290 -0.025142
0.113183 -0.025142
0.121614 -0.016711
0.121614 -0.010717


0.116011 -0.013208
0.109018 -0.006216
0.096945 -0.006216
0.089017 -0.014144
0.089017 -0.019874
0.096226 -0.027083
0.107613 -0.027083
0.116011 -0.018685
0.116011 -0.013208


0.110542 -0.015516
0.103354 -0.008328
0.091815 -0.008328
0.083917 -0.016226
0.083917 -0.021468
0.091300 -0.028852
0.102181 -0.028852
0.110542 -0.020490
0.110542 -0.015516


0.105206 -0.017648
0.097834 -0.010276
0.086829 -0.010276
0.078964 -0.018141
0.078964 -0.022910
0.086511 -0.030456
0.096884 -0.030456
0.105206 -0.022134
0.105206 -0.017648


0.100002 -0.019611
0.092459 -0.012068
0.085848 -0.012068
0.079451 -0.018466
0.079451 -0.022478
0.086994 -0.030022
0.093604 -0.030022
0.100002 -0.023624
0.100002 -0.019611


0.100002 -0.019611
0.092458 -0.012068
0.085849 -0.012068
0.079451 -0.018466
0.079451 -0.022478
0.086994 -0.030022
0.093604 -0.030022
0.100002 -0.023624
0.100002 -0.019611


0.100002 -0.019611
0.092458 -0.012068
0.085849 -0.012068
0.079451 -0.018466
0.079451 -0.022478
0.086994 -0.030022
0.093604 -0.030022
0.100002 -0.023624
0.100002 -0.019611


0.100002 -0.019611
0.092459 -0.012068
0.081989 -0.012068
0.074156 -0.019900
0.074156 -0.024205
0.081855 -0.031905
0.091722 -0.031905
0.100002 -0.023624
0.100002 -0.019611


0.094931 -0.021414
0.087227 -0.013710
0.077292 -0.013710
0.069497 -0.021505
0.069497 -0.025362
0.077337 -0.033203
0.086695 -0.033203
0.094931 -0.024967
0.094931 -0.021414


0.089992 -0.023062
0.082140 -0.015209
0.072735 -0.015209
0.064981 -0.022964
0.064981 -0.026387
0.072952 -0.034358
0.081804 -0.034358
0.089992 -0.026170
0.089992 -0.023062


0.085185 -0.024562
0.077195 -0.016573
0.068318 -0.016573
0.060606 -0.024285
0.060606 -0.027287
0.068696 -0.035377
0.077047 -0.035377
0.085185 -0.027240
0.085185 -0.024562


0.080507 -0.025922
0.072392 -0.017807
0.064037 -0.017807
0.056371 -0.025473
0.056371 -0.028068
0.064569 -0.036266
0.072423 -0.036266
0.080507 -0.028183
0.080507 -0.025922


0.075957 -0.027147
0.067727 -0.018918
0.063692 -0.018918
0.056826 -0.025784
0.056826 -0.027642
0.065056 -0.035872
0.069091 -0.035872
0.075957 -0.029005
0.075957 -0.027147


0.075957 -0.027147
0.067727 -0.018918
0.063692 -0.018918
0.056826 -0.025784
0.056826 -0.027642
0.065056 -0.035872
0.069091 -0.035872
0.075957 -0.029005
0.075957 -0.027147


0.075957 -0.027147
0.067727 -0.018918
0.063692 -0.018918
0.056826 -0.025784
0.056826 -0.027642
0.065056 -0.035872
0.069091 -0.035872
0.075957 -0.029005
0.075957 -0.027147


0.075957 -0.027147
0.067727 -0.018918
0.059892 -0.018918
0.052269 -0.026541
0.052269 -0.028732
0.060569 -0.037032
0.067930 -0.037032
0.075957 -0.029005
0.075957 -0.027147


0.071535 -0.028000
0.063446 -0.019911
0.055879 -0.019911
0.048303 -0.027487
0.048303 -0.029530
0.056453 -0.037681
0.063568 -0.037681
0.071535 -0.029713
0.071535 -0.028000


0.067241 -0.028592
0.059442 -0.020792
0.051999 -0.020792
0.044471 -0.028320
0.044471 -0.030366
0.052323 -0.038218
0.059337 -0.038218
0.067241 -0.030313
0.067241 -0.028592


0.063074 -0.029083
0.055558 -0.021567
0.048248 -0.021567
0.040772 -0.029043
0.040772 -0.031090
0.048332 -0.038650
0.055233 -0.038650
0.063074 -0.030810
0.063074 -0.029083


0.059030 -0.029478
0.051794 -0.022242
0.044624 -0.022242
0.037203 -0.029664
0.037203 -0.031709
0.044484 -0.038990
0.051249 -0.038990
0.059030 -0.031209
0.059030 -0.029478


0.055109 -0.029783
0.048147 -0.022821
0.044761 -0.022821
0.037650 -0.029932
0.037650 -0.031666
0.044612 -0.038628
0.047998 -0.038628
0.055109 -0.031517
0.055109 -0.029783


0.055109 -0.029783
0.048147 -0.022821
0.044761 -0.022821
0.037650 -0.029932
0.037650 -0.031666
0.044612 -0.038628
0.047998 -0.038628
0.055109 -0.031517
0.055109 -0.029783


0.055109 -0.029783
0.048147 -0.022821
0.044761 -0.022821
0.037650 -0.029932
0.037650 -0.031666
0.044612 -0.038628
0.047998 -0.038628
0.055109 -0.031517
0.055109 -0.029783


0.055109 -0.029783
0.048147 -0.022821
0.041126 -0.022821
0.033761 -0.030186
0.033761 -0.032228
0.040768 -0.039235
0.047390 -0.039235
0.055109 -0.031517
0.055109 -0.029783


0.051310 -0.030003
0.044617 -0.023310
0.037455 -0.023310
0.030449 -0.030317
0.030449 -0.032652
0.037187 -0.039390
0.043955 -0.039390
0.051310 -0.032036
0.051310 -0.030003


0.047632 -0.030142
0.041200 -0.023711
0.033902 -0.023711
0.027261 -0.030352
0.027261 -0.032986
0.033735 -0.039460
0.040651 -0.039460
0.047632 -0.032480
0.047632 -0.030142


0.044073 -0.030206
0.037823 -0.023956
0.030556 -0.023956
0.024195 -0.030317
0.024195 -0.033235
0.030410 -0.039450
0.037456 -0.039450
0.044073 -0.032833
0.044073 -0.030206


0.040632 -0.030199
0.034562 -0.024130
0.027335 -0.024130
0.021247 -0.030217
0.021247 -0.033402
0.027210 -0.039365
0.034368 -0.039365
0.040632 -0.033101
0.040632 -0.030199


0.037306 -0.030125
0.031638 -0.024457
0.027398 -0.024457
0.021681 -0.030175
0.021681 -0.033338
0.027349 -0.039006
0.031588 -0.039006
0.037306 -0.033289
0.037306 -0.030125


0.037306 -0.030125
0.031638 -0.024457
0.027398 -0.024457
0.021681 -0.030175
0.021681 -0.033338
0.027349 -0.039006
0.031588 -0.039006
0.037306 -0.033288
0.037306 -0.030125


0.037306 -0.030125
0.031638 -0.024457
0.027398 -0.024457
0.021681 -0.030175
0.021681 -0.033338
0.027349 -0.039006
0.031588 -0.039006
0.037306 -0.033288
0.037306 -0.030125


0.037306 -0.030125
0.031417 -0.024236
0.024237 -0.024236
0.018411 -0.030062
0.018411 -0.033488
0.024132 -0.039209
0.031386 -0.039209
0.037306 -0.033289
0.037306 -0.030125


0.034094 -0.029988
0.028385 -0.024279
0.021256 -0.024279
0.015694 -0.029842
0.015694 -0.033503
0.021177 -0.038986
0.028508 -0.038986
0.034094 -0.033399
0.034094 -0.029988


0.030996 -0.029793
0.025466 -0.024263
0.018394 -0.024263
0.013089 -0.029568
0.013089 -0.033450
0.018340 -0.038701
0.025733 -0.038701
0.030996 -0.033438
0.030996 -0.029793


0.028009 -0.029544
0.022657 -0.024192
0.015649 -0.024192
0.010596 -0.029244
0.010596 -0.033334
0.015619 -0.038357
0.023061 -0.038357
0.028009 -0.033409
0.028009 -0.029544


0.025131 -0.029243
0.019956 -0.024068
0.013018 -0.024068
0.008212 -0.028873
0.008212 -0.033159
0.013059 -0.038006
0.020441 -0.038006
0.025131 -0.033316
0.025131 -0.029243


0.022360 -0.028895
0.017859 -0.024394
0.013101 -0.024394
0.008653 -0.028842
0.008653 -0.033110
0.013154 -0.037611
0.017912 -0.037611
0.022360 -0.033163
0.022360 -0.028895


0.022360 -0.028895
0.017859 -0.024394
0.013101 -0.024394
0.008653 -0.028842
0.008653 -0.033110
0.013155 -0.037611
0.017912 -0.037611
0.022360 -0.033163
0.022360 -0.028895


0.022360 -0.028895
0.017859 -0.024394
0.013101 -0.024394
0.008653 -0.028842
0.008653 -0.033110
0.013155 -0.037611
0.017912 -0.037611
0.022360 -0.033163
0.022360 -0.028895


0.022360 -0.028895
0.017361 -0.023896
0.010499 -0.023896
0.005935 -0.028460
0.005935 -0.032930
0.010617 -0.037611
0.017912 -0.037611
0.022360 -0.033163
0.022360 -0.028895


0.019696 -0.028504
0.014870 -0.023678
0.008092 -0.023678
0.003763 -0.028007
0.003763 -0.032648
0.008281 -0.037166
0.015484 -0.037166
0.019696 -0.032954
0.019696 -0.028504


0.017135 -0.028072
0.012482 -0.023419
0.005792 -0.023419
0.001694 -0.027517
0.001694 -0.032318
0.006050 -0.036674
0.013155 -0.036674
0.017135 -0.032694
0.017135 -0.028072


0.014677 -0.027603
0.010195 -0.023120
0.003598 -0.023120
-0.000276 -0.026994
-0.000276 -0.031944
0.003920 -0.036139
0.010922 -0.036139
0.014677 -0.032384
0.014677 -0.027603


0.012320 -0.027099
0.008006 -0.022786
0.001507 -0.022786
-0.002148 -0.026440
-0.002148 -0.031527
0.001889 -0.035564
0.008784 -0.035564
0.012320 -0.032028
0.012320 -0.027099

