plot( [ 0.900000 , 0.900000 , 0.700000 , 0.700000 , 0.700000 , 0.700000 , 0.900000 , 0.900000 , 0.900000 ] , [ 0.900000 , 0.900000 , 0.900000 , 0.900000 , 0.700000 , 0.700000 , 0.700000 , 0.700000 , 0.900000 ] , 'color' , '[0 0.4 0]');
hold on;
clear;
plot( [ 0.900000 , 0.900000 , 0.700000 , 0.700000 , 0.700000 , 0.700000 , 0.900000 , 0.900000 , 0.900000 ] , [ 0.900000 , 0.900000 , 0.900000 , 0.900000 , 0.700000 , 0.700000 , 0.700000 , 0.700000 , 0.900000 ] , 'color' , '[0 0.4 0]');
hold on;
clear;
plot( [ 0.900000 , 0.900000 , 0.700000 , 0.700000 , 0.700000 , 0.700000 , 0.900000 , 0.900000 , 0.900000 ] , [ 0.900000 , 0.900000 , 0.900000 , 0.900000 , 0.700000 , 0.700000 , 0.700000 , 0.700000 , 0.900000 ] , 'color' , '[0 0.4 0]');
hold on;
clear;
plot( [ 0.906053 , 0.900003 , 0.699997 , 0.699450 , 0.699450 , 0.699462 , 0.906024 , 0.906053 , 0.906053 ] , [ 0.893963 , 0.900013 , 0.900013 , 0.899466 , 0.660009 , 0.659996 , 0.659996 , 0.660025 , 0.893963 ] , 'color' , '[0 0.4 0]');
hold on;
clear;
plot( [ 0.907534 , 0.901946 , 0.705303 , 0.702378 , 0.702378 , 0.702449 , 0.905520 , 0.907534 , 0.907534 ] , [ 0.854458 , 0.860046 , 0.860046 , 0.857122 , 0.620066 , 0.619995 , 0.619995 , 0.622008 , 0.854458 ] , 'color' , '[0 0.4 0]');
hold on;
clear;
plot( [ 0.908571 , 0.903432 , 0.710128 , 0.704874 , 0.704874 , 0.704994 , 0.904612 , 0.908571 , 0.908571 ] , [ 0.814953 , 0.820092 , 0.820092 , 0.814838 , 0.580118 , 0.579998 , 0.579998 , 0.583957 , 0.814953 ] , 'color' , '[0 0.4 0]');
hold on;
clear;
plot( [ 0.909175 , 0.904481 , 0.714479 , 0.706943 , 0.706943 , 0.707108 , 0.903307 , 0.909175 , 0.909175 ] , [ 0.775443 , 0.780137 , 0.780137 , 0.772601 , 0.540167 , 0.540002 , 0.540002 , 0.545869 , 0.775443 ] , 'color' , '[0 0.4 0]');
hold on;
clear;
plot( [ 0.909356 , 0.905100 , 0.718362 , 0.708590 , 0.708590 , 0.708802 , 0.901617 , 0.909356 , 0.909356 ] , [ 0.735926 , 0.740183 , 0.740183 , 0.730411 , 0.500216 , 0.500005 , 0.500005 , 0.507744 , 0.735926 ] , 'color' , '[0 0.4 0]');
hold on;
clear;
plot( [ 0.909125 , 0.905299 , 0.721785 , 0.709823 , 0.709823 , 0.710081 , 0.899552 , 0.909125 , 0.909125 ] , [ 0.696402 , 0.700228 , 0.700228 , 0.688266 , 0.460266 , 0.460008 , 0.460008 , 0.469582 , 0.696402 ] , 'color' , '[0 0.4 0]');
hold on;
clear;
plot( [ 0.908493 , 0.905090 , 0.724754 , 0.710646 , 0.710646 , 0.710951 , 0.897121 , 0.908493 , 0.908493 ] , [ 0.656870 , 0.660273 , 0.660273 , 0.646166 , 0.420316 , 0.420012 , 0.420012 , 0.431384 , 0.656870 ] , 'color' , '[0 0.4 0]');
hold on;
clear;
plot( [ 0.907469 , 0.904480 , 0.727275 , 0.711066 , 0.711066 , 0.711417 , 0.894335 , 0.907469 , 0.907469 ] , [ 0.617330 , 0.620319 , 0.620319 , 0.604110 , 0.380367 , 0.380015 , 0.380015 , 0.393149 , 0.617330 ] , 'color' , '[0 0.4 0]');
hold on;
clear;
plot( [ 0.906064 , 0.903480 , 0.729356 , 0.711086 , 0.711086 , 0.711486 , 0.891202 , 0.906064 , 0.906064 ] , [ 0.577780 , 0.580364 , 0.580364 , 0.562095 , 0.340419 , 0.340019 , 0.340019 , 0.354881 , 0.577780 ] , 'color' , '[0 0.4 0]');
hold on;
clear;
plot( [ 0.904287 , 0.902100 , 0.731003 , 0.710714 , 0.710714 , 0.711162 , 0.887729 , 0.904287 , 0.904287 ] , [ 0.538222 , 0.540410 , 0.540410 , 0.520121 , 0.300471 , 0.300022 , 0.300022 , 0.316580 , 0.538222 ] , 'color' , '[0 0.4 0]');
hold on;
clear;
