plot( [ 0.400000 , 0.400000 , 0.380000 , 0.380000 , 0.380000 , 0.380000 , 0.400000 , 0.400000 , 0.400000 ] , [ 0.470000 , 0.470000 , 0.470000 , 0.470000 , 0.450000 , 0.450000 , 0.450000 , 0.450000 , 0.470000 ] , 'color' , '[0 0.4 0]');
hold on;
clear;
plot( [ 0.400000 , 0.400000 , 0.380000 , 0.380000 , 0.380000 , 0.380000 , 0.400000 , 0.400000 , 0.400000 ] , [ 0.470000 , 0.470000 , 0.470000 , 0.470000 , 0.450000 , 0.450000 , 0.450000 , 0.450000 , 0.470000 ] , 'color' , '[0 0.4 0]');
hold on;
clear;
plot( [ 0.400000 , 0.400000 , 0.380000 , 0.380000 , 0.380000 , 0.380000 , 0.400000 , 0.400000 , 0.400000 ] , [ 0.470000 , 0.470000 , 0.470000 , 0.470000 , 0.450000 , 0.450000 , 0.450000 , 0.450000 , 0.470000 ] , 'color' , '[0 0.4 0]');
hold on;
clear;
plot( [ 0.400000 , 0.397300 , 0.375495 , 0.375432 , 0.375432 , 0.377890 , 0.400000 , 0.400000 , 0.400000 ] , [ 0.470000 , 0.472700 , 0.472700 , 0.472637 , 0.452458 , 0.450000 , 0.450000 , 0.450000 , 0.470000 ] , 'color' , '[0 0.4 0]');
hold on;
clear;
plot( [ 0.395675 , 0.392854 , 0.370928 , 0.370829 , 0.370829 , 0.373407 , 0.395636 , 0.395675 , 0.395675 ] , [ 0.472458 , 0.475279 , 0.475279 , 0.475180 , 0.455039 , 0.452461 , 0.452461 , 0.452500 , 0.472458 ] , 'color' , '[0 0.4 0]');
hold on;
clear;
plot( [ 0.391307 , 0.388365 , 0.366321 , 0.366189 , 0.366189 , 0.368887 , 0.391233 , 0.391307 , 0.391307 ] , [ 0.474833 , 0.477775 , 0.477775 , 0.477643 , 0.457544 , 0.454846 , 0.454846 , 0.454920 , 0.474833 ] , 'color' , '[0 0.4 0]');
hold on;
clear;
plot( [ 0.386899 , 0.383835 , 0.361676 , 0.361514 , 0.361514 , 0.364334 , 0.386793 , 0.386899 , 0.386899 ] , [ 0.477125 , 0.480188 , 0.480188 , 0.480027 , 0.459972 , 0.457153 , 0.457153 , 0.457259 , 0.477125 ] , 'color' , '[0 0.4 0]');
hold on;
clear;
plot( [ 0.382451 , 0.379265 , 0.356994 , 0.356807 , 0.356807 , 0.359747 , 0.382317 , 0.382451 , 0.382451 ] , [ 0.479333 , 0.482519 , 0.482519 , 0.482331 , 0.462324 , 0.459383 , 0.459383 , 0.459517 , 0.479333 ] , 'color' , '[0 0.4 0]');
hold on;
clear;
plot( [ 0.377966 , 0.374658 , 0.352279 , 0.352067 , 0.352067 , 0.355129 , 0.377807 , 0.377966 , 0.377966 ] , [ 0.481458 , 0.484766 , 0.484766 , 0.484555 , 0.464598 , 0.461536 , 0.461536 , 0.461696 , 0.481458 ] , 'color' , '[0 0.4 0]');
hold on;
clear;
plot( [ 0.373446 , 0.370015 , 0.347530 , 0.347298 , 0.347298 , 0.350482 , 0.373263 , 0.373446 , 0.373446 ] , [ 0.483500 , 0.486931 , 0.486931 , 0.486699 , 0.466796 , 0.463612 , 0.463612 , 0.463795 , 0.483500 ] , 'color' , '[0 0.4 0]');
hold on;
clear;
plot( [ 0.368891 , 0.365338 , 0.342751 , 0.342500 , 0.342500 , 0.345806 , 0.368689 , 0.368891 , 0.368891 ] , [ 0.485460 , 0.489013 , 0.489013 , 0.488762 , 0.468917 , 0.465611 , 0.465611 , 0.465814 , 0.485460 ] , 'color' , '[0 0.4 0]');
hold on;
clear;
plot( [ 0.364304 , 0.360629 , 0.337943 , 0.337676 , 0.337676 , 0.341103 , 0.364084 , 0.364304 , 0.364304 ] , [ 0.487336 , 0.491012 , 0.491012 , 0.490744 , 0.470960 , 0.467533 , 0.467533 , 0.467753 , 0.487336 ] , 'color' , '[0 0.4 0]');
hold on;
clear;
plot( [ 0.359686 , 0.355888 , 0.333107 , 0.332826 , 0.332826 , 0.336374 , 0.359451 , 0.359686 , 0.359686 ] , [ 0.489130 , 0.492928 , 0.492928 , 0.492646 , 0.472927 , 0.469378 , 0.469378 , 0.469614 , 0.489130 ] , 'color' , '[0 0.4 0]');
hold on;
clear;
plot( [ 0.355039 , 0.351119 , 0.328246 , 0.327949 , 0.327949 , 0.331622 , 0.354790 , 0.355039 , 0.355039 ] , [ 0.490841 , 0.494761 , 0.494761 , 0.494465 , 0.474818 , 0.471146 , 0.471146 , 0.471395 , 0.490841 ] , 'color' , '[0 0.4 0]');
hold on;
clear;
plot( [ 0.350364 , 0.346323 , 0.323360 , 0.323050 , 0.323050 , 0.326847 , 0.350104 , 0.350364 , 0.350364 ] , [ 0.492470 , 0.496511 , 0.496511 , 0.496201 , 0.476633 , 0.472836 , 0.472836 , 0.473097 , 0.492470 ] , 'color' , '[0 0.4 0]');
hold on;
clear;
plot( [ 0.345663 , 0.341500 , 0.318452 , 0.318129 , 0.318129 , 0.322050 , 0.345393 , 0.345663 , 0.345663 ] , [ 0.494016 , 0.498179 , 0.498179 , 0.497856 , 0.478371 , 0.474450 , 0.474450 , 0.474720 , 0.494016 ] , 'color' , '[0 0.4 0]');
hold on;
clear;
plot( [ 0.340938 , 0.336653 , 0.313523 , 0.313190 , 0.313190 , 0.317234 , 0.340659 , 0.340938 , 0.340938 ] , [ 0.495479 , 0.499764 , 0.499764 , 0.499430 , 0.480030 , 0.475986 , 0.475986 , 0.476265 , 0.495479 ] , 'color' , '[0 0.4 0]');
hold on;
clear;
plot( [ 0.336189 , 0.331784 , 0.308574 , 0.308232 , 0.308232 , 0.312398 , 0.335903 , 0.336189 , 0.336189 ] , [ 0.496861 , 0.501265 , 0.501265 , 0.500923 , 0.481612 , 0.477445 , 0.477445 , 0.477731 , 0.496861 ] , 'color' , '[0 0.4 0]');
hold on;
clear;
plot( [ 0.331418 , 0.326893 , 0.303607 , 0.303257 , 0.303257 , 0.307546 , 0.331127 , 0.331418 , 0.331418 ] , [ 0.498160 , 0.502684 , 0.502684 , 0.502334 , 0.483117 , 0.478828 , 0.478828 , 0.479119 , 0.498160 ] , 'color' , '[0 0.4 0]');
hold on;
clear;
plot( [ 0.326627 , 0.321983 , 0.298624 , 0.298266 , 0.298266 , 0.302676 , 0.326331 , 0.326627 , 0.326627 ] , [ 0.499376 , 0.504020 , 0.504020 , 0.503662 , 0.484543 , 0.480133 , 0.480133 , 0.480429 , 0.499376 ] , 'color' , '[0 0.4 0]');
hold on;
clear;
plot( [ 0.321816 , 0.317054 , 0.293625 , 0.293261 , 0.293261 , 0.297792 , 0.321517 , 0.321816 , 0.321816 ] , [ 0.500511 , 0.505274 , 0.505274 , 0.504909 , 0.485892 , 0.481361 , 0.481361 , 0.481660 , 0.500511 ] , 'color' , '[0 0.4 0]');
hold on;
clear;
plot( [ 0.316988 , 0.312107 , 0.288613 , 0.288243 , 0.288243 , 0.292894 , 0.316686 , 0.316988 , 0.316988 ] , [ 0.501563 , 0.506444 , 0.506444 , 0.506074 , 0.487163 , 0.482512 , 0.482512 , 0.482814 , 0.501563 ] , 'color' , '[0 0.4 0]');
hold on;
clear;
plot( [ 0.312143 , 0.307146 , 0.283588 , 0.283214 , 0.283214 , 0.287983 , 0.311839 , 0.312143 , 0.312143 ] , [ 0.502534 , 0.507531 , 0.507531 , 0.507157 , 0.488355 , 0.483586 , 0.483586 , 0.483890 , 0.502534 ] , 'color' , '[0 0.4 0]');
hold on;
clear;
