plot( [ -0.750000 , -0.750000 , -0.770000 , -0.770000 , -0.770000 , -0.770000 , -0.750000 , -0.750000 , -0.750000 ] , [ -0.430000 , -0.430000 , -0.430000 , -0.430000 , -0.450000 , -0.450000 , -0.450000 , -0.450000 , -0.430000 ] , 'color' , '[0 0.4 0]');
hold on;
clear;
plot( [ -0.750000 , -0.750000 , -0.770000 , -0.770000 , -0.770000 , -0.770000 , -0.750000 , -0.750000 , -0.750000 ] , [ -0.430000 , -0.430000 , -0.430000 , -0.430000 , -0.450000 , -0.450000 , -0.450000 , -0.450000 , -0.430000 ] , 'color' , '[0 0.4 0]');
hold on;
clear;
plot( [ -0.750000 , -0.750000 , -0.770000 , -0.770000 , -0.770000 , -0.770000 , -0.750000 , -0.750000 , -0.750000 ] , [ -0.430000 , -0.430000 , -0.430000 , -0.430000 , -0.450000 , -0.450000 , -0.450000 , -0.450000 , -0.430000 ] , 'color' , '[0 0.4 0]');
hold on;
clear;
plot( [ -0.750000 , -0.770473 , -0.791968 , -0.792500 , -0.792500 , -0.770000 , -0.750000 , -0.750000 , -0.750000 ] , [ -0.408869 , -0.388396 , -0.388396 , -0.388929 , -0.427500 , -0.450000 , -0.450000 , -0.450000 , -0.408869 ] , 'color' , '[0 0.4 0]');
hold on;
clear;
plot( [ -0.770490 , -0.789911 , -0.810409 , -0.811945 , -0.811945 , -0.790468 , -0.771493 , -0.770490 , -0.770490 ] , [ -0.365305 , -0.345884 , -0.345884 , -0.347420 , -0.388071 , -0.409548 , -0.409548 , -0.408545 , -0.365305 ] , 'color' , '[0 0.4 0]');
hold on;
clear;
plot( [ -0.788929 , -0.807252 , -0.826703 , -0.829246 , -0.829246 , -0.808843 , -0.790939 , -0.788929 , -0.788929 ] , [ -0.320911 , -0.302588 , -0.302588 , -0.305131 , -0.347743 , -0.368147 , -0.368147 , -0.366137 , -0.320911 ] , 'color' , '[0 0.4 0]');
hold on;
clear;
plot( [ -0.805274 , -0.822459 , -0.840814 , -0.844365 , -0.844365 , -0.825081 , -0.808294 , -0.805274 , -0.805274 ] , [ -0.275811 , -0.258626 , -0.258626 , -0.262177 , -0.306628 , -0.325912 , -0.325912 , -0.322893 , -0.275811 ] , 'color' , '[0 0.4 0]');
hold on;
clear;
plot( [ -0.819490 , -0.835497 , -0.852710 , -0.857268 , -0.857268 , -0.839148 , -0.823518 , -0.819490 , -0.819490 ] , [ -0.230127 , -0.214121 , -0.214121 , -0.218678 , -0.264838 , -0.282958 , -0.282958 , -0.278930 , -0.230127 ] , 'color' , '[0 0.4 0]');
hold on;
clear;
plot( [ -0.831545 , -0.846338 , -0.862368 , -0.867928 , -0.867928 , -0.851013 , -0.836579 , -0.831545 , -0.831545 ] , [ -0.183987 , -0.169193 , -0.169193 , -0.174753 , -0.222488 , -0.239403 , -0.239403 , -0.234369 , -0.183987 ] , 'color' , '[0 0.4 0]');
hold on;
clear;
plot( [ -0.841414 , -0.854963 , -0.869770 , -0.876326 , -0.876326 , -0.860653 , -0.847450 , -0.841414 , -0.841414 ] , [ -0.137517 , -0.123968 , -0.123968 , -0.130524 , -0.179695 , -0.195368 , -0.195368 , -0.189331 , -0.137517 ] , 'color' , '[0 0.4 0]');
hold on;
clear;
plot( [ -0.849079 , -0.861355 , -0.874902 , -0.882447 , -0.882447 , -0.868050 , -0.856110 , -0.849079 , -0.849079 ] , [ -0.090845 , -0.078569 , -0.078569 , -0.086114 , -0.136575 , -0.150972 , -0.150972 , -0.143941 , -0.090845 ] , 'color' , '[0 0.4 0]');
hold on;
clear;
plot( [ -0.854527 , -0.865505 , -0.877761 , -0.886283 , -0.886283 , -0.873193 , -0.862543 , -0.854527 , -0.854527 ] , [ -0.044100 , -0.033123 , -0.033123 , -0.041645 , -0.093248 , -0.106339 , -0.106339 , -0.098322 , -0.044100 ] , 'color' , '[0 0.4 0]');
hold on;
clear;
plot( [ -0.857752 , -0.867413 , -0.878343 , -0.887833 , -0.887833 , -0.876075 , -0.866742 , -0.857752 , -0.857752 ] , [ 0.002587 , 0.012248 , 0.012248 , 0.002758 , -0.049833 , -0.061591 , -0.061591 , -0.052601 , 0.002587 ] , 'color' , '[0 0.4 0]');
hold on;
clear;
plot( [ -0.858753 , -0.868313 , -0.876308 , -0.886258 , -0.886258 , -0.876698 , -0.868703 , -0.858753 , -0.858753 ] , [ 0.002195 , 0.011755 , 0.011755 , 0.001805 , -0.007293 , -0.016853 , -0.016853 , -0.006903 , 0.002195 ] , 'color' , '[0 0.4 0]');
hold on;
clear;
plot( [ -0.858753 , -0.868313 , -0.876308 , -0.886258 , -0.886258 , -0.876698 , -0.868703 , -0.858753 , -0.858753 ] , [ 0.002195 , 0.011755 , 0.011755 , 0.001805 , -0.007293 , -0.016853 , -0.016853 , -0.006903 , 0.002195 ] , 'color' , '[0 0.4 0]');
hold on;
clear;
plot( [ -0.857022 , -0.867139 , -0.876598 , -0.887101 , -0.887101 , -0.876698 , -0.868703 , -0.857022 , -0.857022 ] , [ 0.047357 , 0.057474 , 0.057474 , 0.046971 , -0.006450 , -0.016853 , -0.016853 , -0.005172 , 0.047357 ] , 'color' , '[0 0.4 0]');
hold on;
clear;
plot( [ -0.853554 , -0.864630 , -0.872601 , -0.885486 , -0.885486 , -0.875070 , -0.868429 , -0.853554 , -0.853554 ] , [ 0.091298 , 0.102374 , 0.102374 , 0.089489 , 0.038169 , 0.027753 , 0.027753 , 0.042629 , 0.091298 ] , 'color' , '[0 0.4 0]');
hold on;
clear;
plot( [ -0.847899 , -0.859904 , -0.866369 , -0.882446 , -0.882446 , -0.871203 , -0.865931 , -0.847899 , -0.847899 ] , [ 0.134825 , 0.146830 , 0.146830 , 0.130753 , 0.083352 , 0.072109 , 0.072109 , 0.090141 , 0.134825 ] , 'color' , '[0 0.4 0]');
hold on;
clear;
plot( [ -0.840080 , -0.852983 , -0.857927 , -0.877157 , -0.877157 , -0.865116 , -0.861224 , -0.840080 , -0.840080 ] , [ 0.177823 , 0.190726 , 0.190726 , 0.171496 , 0.128137 , 0.116096 , 0.116096 , 0.137240 , 0.177823 ] , 'color' , '[0 0.4 0]');
hold on;
clear;
plot( [ -0.830127 , -0.843892 , -0.847308 , -0.869641 , -0.869641 , -0.856835 , -0.854330 , -0.830127 , -0.830127 ] , [ 0.220178 , 0.233943 , 0.233943 , 0.211610 , 0.172405 , 0.159599 , 0.159599 , 0.183801 , 0.220178 ] , 'color' , '[0 0.4 0]');
hold on;
clear;
plot( [ -0.818075 , -0.832665 , -0.834546 , -0.859927 , -0.859927 , -0.846390 , -0.845274 , -0.818075 , -0.818075 ] , [ 0.261779 , 0.276369 , 0.276369 , 0.250988 , 0.216039 , 0.202502 , 0.202502 , 0.229701 , 0.261779 ] , 'color' , '[0 0.4 0]');
hold on;
clear;
plot( [ -0.803964 , -0.819050 , -0.820119 , -0.848050 , -0.848050 , -0.834092 , -0.833700 , -0.803964 , -0.803964 ] , [ 0.302804 , 0.317890 , 0.317890 , 0.289959 , 0.258650 , 0.244692 , 0.244692 , 0.274429 , 0.302804 ] , 'color' , '[0 0.4 0]');
hold on;
clear;
plot( [ -0.787840 , -0.802215 , -0.804698 , -0.834049 , -0.834049 , -0.820820 , -0.819019 , -0.787840 , -0.787840 ] , [ 0.344023 , 0.358398 , 0.358398 , 0.329047 , 0.299288 , 0.286059 , 0.286059 , 0.317239 , 0.344023 ] , 'color' , '[0 0.4 0]');
hold on;
clear;
plot( [ -0.769754 , -0.783383 , -0.787275 , -0.817971 , -0.817971 , -0.805502 , -0.802298 , -0.769754 , -0.769754 ] , [ 0.384156 , 0.397785 , 0.397785 , 0.367089 , 0.338963 , 0.326494 , 0.326494 , 0.359038 , 0.384156 ] , 'color' , '[0 0.4 0]');
hold on;
clear;
plot( [ -0.749764 , -0.762613 , -0.767903 , -0.799867 , -0.799867 , -0.788188 , -0.783590 , -0.749764 , -0.749764 ] , [ 0.423100 , 0.435949 , 0.435949 , 0.403985 , 0.377570 , 0.365891 , 0.365891 , 0.399717 , 0.423100 ] , 'color' , '[0 0.4 0]');
hold on;
clear;
plot( [ -0.750612 , -0.761473 , -0.767453 , -0.779793 , -0.779793 , -0.768932 , -0.762952 , -0.750612 , -0.750612 ] , [ 0.423656 , 0.434518 , 0.434518 , 0.422177 , 0.415008 , 0.404147 , 0.404147 , 0.416487 , 0.423656 ] , 'color' , '[0 0.4 0]');
hold on;
clear;
plot( [ -0.750612 , -0.761473 , -0.767453 , -0.779793 , -0.779793 , -0.768932 , -0.762952 , -0.750612 , -0.750612 ] , [ 0.423656 , 0.434518 , 0.434518 , 0.422177 , 0.415008 , 0.404147 , 0.404147 , 0.416487 , 0.423656 ] , 'color' , '[0 0.4 0]');
hold on;
clear;
plot( [ -0.727929 , -0.739969 , -0.746642 , -0.779793 , -0.779793 , -0.768932 , -0.762952 , -0.727929 , -0.727929 ] , [ 0.460751 , 0.472790 , 0.472790 , 0.439639 , 0.415008 , 0.404147 , 0.404147 , 0.439170 , 0.460751 ] , 'color' , '[0 0.4 0]');
hold on;
clear;
